7762
25258
20491
31580
30458
17311
13988
19564
4477
30272
5759
19162
11380
4563
28833
24359
2994
4845
14100
15303
15911
6608
25064
11802
31492
25334
21880
31645
23072
11758
32239
8034
27547
1639
17418
31677
29377
9099
16159
21569
18481
20878
18526
9194
10046
6534
21335
9116
27285
7037
12220
5324
31776
20164
6248
9341
31787
7307
13217
31343
25542
2223
26778
18579
9834
23763
11836
28353
5855
2482
14118
1709
4956
12979
7923
27672
15601
6079
31931
5443
15906
20815
32476
20393
25813
4809
29690
13549
4974
26380
25924
27666
19768
6985
9721
2794
25095
19478
31787
11217
32027
18621
18116
2971
6984
16602
17606
17354
11348
28709
25047
29956
25505
15500
11260
30149
31755
31365
22181
22866
29460
19362
28394
25326
32575
19301
9492
14671
17849
32343
20319
28243
4926
14164
2558
12016
7227
26409
6240
12137
2096
2657
27570
10184
19545
10587
29349
29832
6541
7840
5745
12178
24934
6004
2330
21867
13986
683
18673
19115
3273
25022
32095
21937
6928
12318
4318
24725
26238
21704
11336
5982
14157
21018
30548
13941
32147
10213
16989
7514
26914
7107
32102
31126
14508
23467
8284
7665
1067
11970
26778
23012
1663
10356
4019
25937
10841
4548
24427
13426
24153
31968
18182
18448
29811
14073
21958
19957
4247
3153
16047
9635
27281
4758
18829
7494
26414
28014
21816
31464
19616
16723
20247
9700
5667
18593
17379
1181
10977
16109
28077
25199
31763
5785
25379
29158
20074
11429
19471
16174
12973
28360
16160
9931
29091
10176
11501
9354
28467
26086
31799
3768
18634
12293
15214
4497
13053
31852
2935
32507
23152
7746
10157
18037
19446
7450
12070
10570
10233
10951
4919
32522
9501
11122
20282
7738
9760
1002
19854
15691
26373
8762
7648
24521
1393
29825
24745
9173
26709
16894
3064
981
19149
6763
28018
24682
28232
20364
3479
26275
14314
11527
22599
9840
15662
25206
11908
27993
976
21435
17785
14703
30954
17299
30395
22659
25437
3183
26064
1943
21874
23423
7918
9874
25025
8719
4868
21560
5970
12566
5375
1624
2307
13068
15430
29255
25641
30717
20614
22926
23162
18396
8885
3808
25387
12057
30545
18255
5973
31093
26089
3007
11677
20246
20959
24218
22804
10198
24684
27077
3932
2273
4068
18643
31245
16511
21564
17273
5974
5166
23753
3138
19944
5364
26442
22404
30735
3571
17449
24211
10786
16702
28670
9012
14366
26347
26197
1877
16014
8810
4529
3323
12974
25109
31953
21115
15823
23815
10545
7917
26621
9010
11988
4830
21984
29612
2369
20805
7648
19786
13772
13496
30860
28016
1814
25824
20541
12583
20951
24619
29686
3184
22235
19904
29071
3033
3659
11192
23315
5197
14382
11659
31590
21808
22063
24264
15915
8364
29345
24074
20196
7749
22720
17447
13147
2996
8762
2986
25922
32754
15854
3204
12054
25747
21491
24574
20553
6485
10972
16626
11423
30201
29242
15419
2777
7761
5731
17770
9873
23707
370
954
6501
30221
28047
27463
24407
11697
11377
30330
31348
26995
2080
5064
31156
11641
8448
7068
26402
25010
27915
25233
24892
5554
15454
15333
25501
14013
26359
43
729
27681
1981
27711
8105
3529
26816
27775
21832
26896
1219
10296
10012
18387
16888
24927
12697
28106
18954
31874
25187
24
9056
17661
31666
2848
28577
16753
26363
6811
29555
11378
6861
6119
19337
25984
6137
25250
29404
28217
16885
22392
32312
18380
5762
14649
12539
17585
2189
12335
20250
8856
595
21422
20580
159
21193
29164
22795
1479
2619
2579
7008
19369
2611
11413
1758
24933
19612
13760
26730
31452
9767
5778
24537
8223
2030
8142
20147
28966
1112
847
9270
20934
6972
32669
10910
4573
4425
27070
14756
26064
22181
2383
29253
17207
16596
31443
26564
30166
7132
3146
23026
208
22182
18438
25773
8215
20136
8634
18599
32295
32449
31188
12649
29172
5476
27404
7319
22816
13817
5693
18037
25202
27008
24692
16298
23684
632
22343
4164
23739
30719
12137
3069
21116
31802
4475
15292
23197
20983
10532
95
26394
9617
10851
21176
3850
27924
16676
17621
6865
5026
7954
10373
8342
29718
7085
32535
17656
26342
6812
5733
29692
26446
11332
30482
9802
5035
7321
2063
1690
3365
25652
2916
2921
31376
12199
22573
22768
12948
28941
30178
32598
20748
12261
31964
26917
15277
2848
24597
3579
23016
8568
1072
15746
1041
21508
18361
5793
28096
5897
24749
32500
3960
17684
13117
11898
21382
10309
1487
9102
2604
11758
13894
4889
26879
30813
21635
10501
6542
17141
17963
11509
6980
19588
22443
24371
31888
15312
24186
8681
12098
12915
20638
17045
31801
489
30066
30647
23099
14056
5030
26316
11300
28399
16519
18048
10819
11298
13441
28960
31489
6997
18658
31566
16067
103
736
8952
4882
15569
20446
10891
20730
9342
22251
29795
2735
5342
908
29319
3191
566
11707
16019
25795
28474
815
28149
14239
733
5598
30300
24909
12392
13249
13934
11309
9673
27607
30394
7649
29742
25708
30445
8109
9939
26267
23368
1572
15384
17170
3665
15361
13527
29717
27337
5203
11764
8390
16863
2013
14390
26019
4515
25020
25173
1616
32701
8010
10580
27799
27743
1859
17168
6317
12664
15398
30490
26294
25131
19934
31170
19852
7807
3746
32116
31420
20312
12058
28232
28626
24230
26051
3028
1239
16348
9620
21829
29719
23716
10210
31662
21288
14800
19841
20127
7463
26772
6956
22266
12869
6131
21798
5122
28802
23160
32290
3765
18873
29734
15713
14172
31453
17585
28698
16736
18562
8687
27166
29023
25759
13961
10684
4479
24978
14582
738
2
22116
3754
1414
3099
6223
12170
9028
5376
11645
23972
22601
8001
23827
1309
23407
21592
110
22634
6569
8321
31148
31939
162
25292
29551
23253
23713
25456
19933
26552
19888
1122
23788
31264
6141
24614
23516
32727
21376
19174
14853
10091
16094
27073
9426
21028
14734
21605
29454
25144
10554
29920
21854
14658
20072
6579
28687
31473
19545
28200
16914
26621
26673
19686
32069
25952
17241
8387
13301
962
5410
18393
32672
6965
10155
11484
1279
20258
7172
2731
31043
3715
14739
3620
3232
25683
19639
19005
24072
11331
22700
12880
23609
32687
8367
3767
14329
28368
19554
8089
19360
23091
11121
25091
7128
106
23670
11067
21921
5121
23322
3665
28056
28084
14717
16374
17528
11998
2265
27793
29921
26677
13666
13456
11864
6325
22896
17148
16784
6362
19423
12881
16871
17938
28086
13196
24628
626
31496
11141
25280
23720
25368
14975
24210
29745
27584
25086
5616
28108
9236
15577
8226
3118
27202
32143
15993
16631
2237
9950
656
18917
11930
12946
10706
11847
18234
6812
21052
12469
29993
30819
27748
2303
13382
11871
3771
31331
26404
20451
3599
6659
21425
15162
32596
22934
21269
6646
1699
10845
14557
15237
6019
19544
13657
32261
2664
7611
14146
14681
11129
32412
4256
24701
9878
7406
25323
19734
29850
15538
5745
26958
11741
20588
24823
11230
26110
30164
8099
6764
29919
10959
2074
17944
20720
20125
29925
30290
24241
17236
20761
30190
22898
17293
26423
13946
14685
16477
5969
15823
15031
23431
14446
4582
27235
20975
10544
5869
23464
27218
21428
5018
27444
15413
10426
20416
13152
25371
22022
288
5557
29179
15366
31361
32175
15089
26292
20739
16578
16180
3518
27568
16283
23368
24548
12628
11432
885
7586
18574
7130
9335
18192
7720
16298
31863
24838
9636
30554
58
5507
2071
4733
8345
13136
13627
28089
1073
20704
2751
19660
2395
5755
1505
5581
9311
29596
13119
20916
28132
17303
20714
5661
30123
9598
22205
15433
11645
2886
22765
2406
98
17446
30944
11280
27156
1600
22595
13079
8883
15235
16983
24963
12986
5584
32651
981
818
11867
1872
10896
15910
13397
1065
28152
4950
28360
24065
7962
13615
5570
16066
2572
8699
18101
17699
11638
3414
6174
22978
2897
32225
4197
23154
30447
29498
1028
4054
1084
10283
7916
8495
31811
17697
7460
31346
31476
5856
30388
22686
6692
7542
705
28748
19925
1901
22009
25223
21944
27973
24626
29663
26608
24866
3405
14777
31001
9921
28001
12777
17801
10160
10262
30851
32725
30655
16206
4077
18583
32178
25867
28473
21359
5176
26765
19122
23880
14113
32442
19125
22493
4299
27075
9411
28283
31709
17413
19155
18440
19768
29229
9453
10820
31275
160
2292
25167
28390
28698
25796
5740
10546
13716
20093
25860
27487
29036
28445
29934
7037
8640
31573
23277
8911
21530
11925
30842
24956
6739
31850
14276
2696
18097
27657
18678
31747
13139
21036
17592
26496
6351
23836
22520
24265
14361
9999
23786
6353
23463
17077
1357
746
29650
30222
31217
29240
21120
6014
4982
2406
18944
16675
4182
9879
13109
20070
27686
28064
7927
22480
15384
17012
14006
8480
13509
18399
4192
11674
15657
13944
31109
28321
13039
8145
32186
16520
17391
29168
11323
10662
246
20227
24788
4008
3525
3407
5121
22315
4700
29546
30292
8587
20856
1194
23319
7413
2138
29149
13875
6852
31690
570
12624
24586
22108
2200
7230
25708
15346
14558
15507
29492
13954
29115
16534
25249
24601
20119
22876
21889
28192
5577
16433
15106
479
22282
11066
198
25151
20009
30040
11061
724
24065
32078
18455
31770
14249
39
28514
22783
490
29394
18000
23970
5366
7952
14517
11099
7766
1936
23696
26107
16677
22359
13280
15957
1660
24678
16569
1533
12845
28055
8086
12367
20404
27593
7153
25779
2922
11836
29457
1568
11260
21054
14628
21471
16412
1544
5261
1938
21622
14051
17279
5236
17894
27279
8139
27618
1000
18404
5366
27419
22352
4794
15503
22084
315
7943
5311
1199
17989
32583
1314
8796
14844
29217
9685
10944
24213
21319
31953
198
27870
5022
9591
18452
22644
31903
5739
25487
25654
17149
31142
15649
23289
11399
19143
15034
16510
19793
12202
1172
3745
8206
16188
188
21202
32193
10894
10190
16329
14485
31784
5887
1910
24072
24991
865
4407
25679
13162
29283
24654
18166
12017
23447
16018
22216
5863
6073
32612
16622
11738
16620
28389
4443
16136
26694
16743
13415
10613
17551
5921
15289
8506
15942
26662
27243
6944
31973
27800
19561
5741
22887
21784
23834
14590
23046
26498
323
29078
6985
21463
22568
5238
19006
21883
10228
9774
5124
29857
26970
18610
11917
31747
13949
32432
24226
30422
8461
14625
7976
19197
13235
25375
19873
17277
8880
24566
32758
7985
28609
12157
26483
30655
1349
11431
25875
5322
3233
6741
13054
32617
996
29294
18256
27096
22183
11058
21532
16238
32312
26315
2225
28879
27895
16677
30747
20579
18687
12288
18669
4871
14857
10564
4670
18690
20110
916
2546
25402
15404
17701
26683
6312
32587
21713
9310
16393
7680
16743
28347
29142
4658
4934
3080
1655
7931
23594
30173
17588
5456
31045
25717
21612
19429
15250
9651
18825
20043
27238
25955
23347
1883
21576
19139
6980
27352
25090
3905
16892
25168
24568
29319
25079
323
29113
12213
6235
17544
25556
22509
3414
24811
20461
13845
22728
25883
18191
8152
7996
12996
30276
22510
31517
4856
31075
26014
1575
27091
20522
1409
5915
19807
10636
6024
1975
949
31052
11840
5861
11365
3019
9045
15155
6424
3103
21846
31107
6516
12388
29367
5123
15936
87
30236
9568
22473
27169
14293
31799
13188
6512
14500
19149
23796
17612
2503
32511
26062
25897
30258
22140
31068
3000
20765
817
16159
18947
3518
29701
20664
24633
1112
5575
18185
9670
2164
8292
8855
24615
13422
17502
4914
31741
3636
19577
25305
23648
26955
1976
2008
13429
10771
3975
8755
8003
20043
15930
26695
27074
24279
27062
18095
17205
11969
13934
14181
18362
2943
5778
5161
6432
17012
18818
26663
31224
8121
28553
1236
7919
18972
1480
24089
10843
8297
24176
29107
1555
31721
26933
15834
3972
31785
24575
2848
18945
16380
11234
3485
2907
12227
5712
8521
22194
15596
6797
9641
22922
15033
27492
15534
16161
13379
281
28890
19969
25534
17310
1700
977
12030
9481
32030
9072
19770
16454
469
26949
31249
20489
23544
22992
22986
4615
4797
24197
29408
27238
21249
9435
24766
23410
22575
29600
9159
9617
23650
27279
12953
9081
21454
24612
12435
13984
30556
20911
28053
22516
25236
6568
4870
8397
18624
24642
8732
24608
1358
31298
10071
4085
2935
10770
18255
16155
31006
30481
2224
17178
20731
3886
32643
18025
8184
26293
15791
1761
4571
2664
11455
22642
14630
22482
13541
16405
3643
4056
21823
15105
27076
30609
4442
1570
32338
31576
22517
31175
5444
2079
18183
19867
4843
3846
28931
22742
1516
26412
1882
8884
17893
452
3649
22311
25939
9324
32182
29640
31411
7611
29629
16660
1255
10265
23536
27605
28380
28372
12342
21214
30314
26992
14035
23803
31355
318
24993
27432
29808
13616
12956
15105
8384
12267
18852
19834
6882
1054
32639
9680
28782
786
12830
29888
28543
24963
9761
1014
13403
7855
8605
30152
14934
25004
9244
11556
29683
16638
24549
29127
11853
10345
22654
9392
17333
20740
19056
6357
24989
32655
16458
25620
26037
32006
30952
15468
5715
32118
757
13677
14872
26896
12719
29165
21201
15228
20202
7677
32667
28016
11864
17692
19019
7296
1543
22698
25612
25912
12331
31391
5450
9064
14878
24700
25807
3263
25765
25218
14892
22939
31093
2850
32603
28704
6646
15030
1442
17800
27462
13166
12730
27065
17281
8589
13105
28957
15424
29653
19213
12462
20063
6207
26034
80
23300
28912
3078
30564
17884
5481
28626
22426
1192
13310
5996
6662
18425
10121
27795
21111
8503
5471
12954
23812
18920
10115
10185
2535
28719
14106
22016
15247
11411
31519
22173
10992
1282
3928
3488
17950
8470
26505
8205
23834
5015
743
10642
4331
23872
29647
30058
14577
3270
4024
16001
12919
8214
23399
15065
20103
2782
1890
30252
20994
1616
4262
16339
15344
3619
22940
12262
17940
11994
20298
1957
21443
2376
28358
28950
17143
12116
16113
25072
21408
15866
4705
9656
6458
22674
9631
21290
10916
26965
28051
12506
1072
19229
10812
19739
20471
16492
4517
19744
2159
23472
10004
14177
10559
15557
4740
15680
25169
18364
3157
18413
297
14555
12611
19591
1142
14820
21141
11140
3559
23707
5782
8018
9792
7810
32073
32318
1965
23015
7513
21398
25174
18464
11599
5130
20275
30998
11527
29016
25890
25600
17253
4393
9271
30065
9284
11061
11091
16021
4783
21166
27640
10679
21332
28380
20571
22535
9013
9989
1979
3227
1697
17807
27890
18611
1123
22120
15178
32065
8505
1190
1425
30121
12168
31595
9072
24517
18253
19980
2296
5420
31319
11122
15486
2484
6324
24768
24233
821
6505
28469
30921
32400
31590
14677
1386
26096
12984
2883
26410
31824
30209
626
16839
8766
37
6268
27004
22494
6727
21842
23694
8241
500
27798
31522
10647
32669
19013
29009
24467
16715
21145
1918
18895
19854
22830
19687
23648
8886
4963
20603
7498
22086
2563
23532
17223
18598
20005
25860
12740
16664
30032
10556
30253
1517
8419
10123
10858
17657
5300
27772
24746
24644
8440
25731
31839
29442
25443
10385
7305
8902
9104
30950
31544
4338
20130
23079
26188
114
22060
2224
13696
938
30286
13867
24999
18092
10017
17761
8501
18863
15701
30801
11776
8125
32281
17535
6216
1451
10811
16783
19189
25934
17553
26130
9505
6380
6039
1696
19670
753
15961
19239
7961
19939
13460
3714
24871
26776
12824
23630
5886
4775
21872
249
8991
3356
25029
24603
5011
17264
5120
1290
16428
184
21295
8617
7693
1308
16426
28544
27756
3979
26742
10002
7831
12205
8297
362
10037
29721
18575
30712
2255
18633
589
13979
20367
6602
6084
29695
22599
3640
6904
9257
2228
28522
50
14672
23813
4202
14243
26351
28311
18856
2633
6936
22531
23791
15895
8715
6746
21911
17744
10247
26543
14589
32052
3424
30422
6960
16350
16594
17516
27629
19821
5141
25879
4046
20578
16049
19727
6590
329
788
12510
14512
11676
10722
25444
11665
9700
18316
21789
23930
22305
36
6311
21547
4972
15728
4222
19125
19931
2877
10763
1654
19877
3573
18909
9290
7302
18292
19766
9216
13413
7704
17609
18443
12341
23063
19650
7546
1049
3350
9735
16427
203
6135
29885
12091
9790
17138
18447
17856
2434
7143
20266
11195
20969
3826
24460
21320
4456
27969
12415
22040
31807
22050
28640
18209
17372
13920
5157
19604
6397
20944
3999
5648
6422
2855
18683
789
10994
24078
32015
3515
3740
16249
28116
19876
9344
22580
686
10031
12238
19902
15860
31470
6175
3419
11180
26971
28251
19813
11670
32454
14554
14563
18541
23442
19145
31069
22121
11425
10960
4846
17160
2061
19697
18074
13326
537
9140
28386
17354
3687
19585
2710
12444
363
23373
27115
9652
17951
2425
12749
284
7160
19446
10614
15097
28953
5294
1600
21006
11464
17183
10679
24961
32286
2121
1523
17378
770
16843
7205
26473
23384
4169
18799
14207
31861
11536
22009
16256
22742
17149
31297
27328
12306
20123
20146
1484
6926
18827
22905
25842
10352
9513
11924
21507
7510
22636
22059
13143
11847
1294
27940
26130
17514
30701
13298
30118
8949
2226
32685
3737
233
7344
16744
14985
27389
20751
6079
31597
471
4137
7855
11293
26754
5684
29099
18965
30493
10530
5099
3189
1488
1989
13064
27725
25605
21559
30662
536
20436
32121
22832
23686
446
27738
9707
13439
8351
30618
14276
8804
12766
25424
1419
14488
23015
28553
1828
10047
219
14898
8155
19781
12165
30776
760
23202
14481
18925
18067
26589
504
11950
6314
9935
703
23491
19057
4266
18657
31366
9705
13626
7050
4551
16820
3946
3461
7792
18216
777
5112
8037
24226
26574
30031
6318
13853
17818
9334
20952
22019
9726
23627
21400
14402
7933
3923
26802
21923
31507
32683
9753
7512
8822
4930
15960
2771
10651
14406
9264
19935
10492
28124
16515
14569
16921
17684
16241
27038
30140
28188
14528
24508
12162
9652
14209
30241
10903
5857
25840
29225
5057
1254
23197
7478
3232
20848
24521
7312
29748
13073
5651
31600
6303
12271
22868
6999
13868
12478
22215
32420
26513
16363
8045
8550
27505
18714
14767
21615
25381
27859
30278
20138
28348
15480
3160
26798
19008
29307
16611
13970
20539
31437
7519
29699
1402
24474
31135
30357
4625
28211
23801
6743
19360
10316
31398
23722
13524
21863
19819
6483
5680
18576
5753
7630
5133
11851
17299
1765
26079
30411
110
7298
4795
12388
30557
8130
22294
26179
1326
16202
6096
22365
25678
9694
1649
6565
4916
22320
23218
32130
31229
20213
17727
17792
4948
5694
32699
1606
7317
17158
7684
17096
4402
5639
1209
6333
30037
10963
10490
4436
13255
28191
32111
27170
4880
20066
12428
27231
1504
23199
8211
6227
23213
17278
9690
25355
3742
29346
8654
5200
18344
11319
25912
7898
14839
28362
25407
7360
31887
1374
19118
4659
4403
32700
27896
18540
9093
1290
5754
21731
17264
13471
15359
8386
7875
2326
8585
1177
32286
29089
24143
19539
2322
5536
25090
14185
5508
30323
24404
18773
1618
25484
16315
32330
32058
29896
1138
14370
25591
32511
14530
30616
4268
14042
22911
13751
2438
30180
21973
29074
11165
21988
3397
17974
14620
5739
28394
7389
4770
169
7681
20324
8168
15748
16296
20223
11171
20972
21990
9004
13996
13672
19436
21733
1630
14069
6042
6682
29247
9233
5189
21854
13539
26131
31416
15841
17422
2493
6776
17310
29721
25876
14413
981
27287
20335
13821
25020
9272
8143
26459
6002
4589
25966
14464
21300
4428
3739
2393
13523
17463
29124
25186
16229
3000
27861
26288
4923
10800
3777
10037
1044
20657
32605
15168
24464
7080
6517
16963
30696
17087
27418
13017
18139
1
4153
6919
15596
29247
7026
13762
4298
32435
294
31154
8976
30180
14546
1334
18990
32713
2204
2984
6823
4913
12076
10210
32638
31843
24509
14337
14058
14081
17524
9833
1873
7986
31472
17417
16500
15871
16162
6112
23784
13566
14431
18367
22469
3374
7347
32337
2722
27939
7801
29274
10176
31331
22568
29500
9349
27151
10864
7871
10284
1222
16518
9233
21180
8646
11964
14348
28726
23892
24404
7864
27667
3679
16790
28177
6381
16224
28448
28170
8317
11908
15230
14801
12229
6413
25082
1621
13198
22005
17845
12806
14613
981
30711
475
18178
19974
30916
12186
17049
3334
26032
11604
13620
17949
2804
16942
1521
20032
2752
25704
31656
5173
3795
29847
6944
22008
14410
15925
13698
17758
16821
24924
15117
24568
1904
2511
9740
32314
27185
5946
4613
24028
16349
6843
21300
11137
18080
19872
8759
20375
20028
25971
12299
638
2977
26932
13879
27628
19135
27621
22343
20880
29336
20556
25468
6389
3993
31220
21954
8362
22570
3957
7394
13472
24452
12789
1273
8659
27330
19951
21801
11564
7227
26931
30094
29094
26896
4654
12660
27057
3329
21612
27079
10196
28805
22107
19402
661
13593
1106
24588
14237
23512
27857
1433
18968
14924
12811
11629
8283
12676
13473
27182
9417
23398
23473
10266
28151
8775
7695
8510
12814
30393
12498
25064
2417
6052
32531
29024
17568
8345
20209
29395
22877
21090
14296
21136
11021
18910
19972
21367
12896
6412
10048
4269
18484
30309
7412
18325
6071
30319
28510
32252
31692
911
11808
22676
19377
2078
2555
13732
23262
32448
29658
24573
12336
23793
11538
28208
14406
3041
11496
8702
30508
25474
32596
23568
32054
23519
260
30697
9007
26799
7332
9240
20915
13098
27997
2738
22490
9755
27291
24063
5399
55
276
7540
31327
24749
15622
9953
9869
510
27071
26604
8709
5903
19043
17342
32151
32381
20458
252
22695
16432
28776
21497
4747
2355
913
22826
11061
6594
18556
5082
5906
22949
30887
17694
2609
1725
3132
12044
32424
12765
5010
6184
31284
32219
18935
8991
22303
21734
17837
20152
5223
2073
26930
12807
28956
3409
31172
18660
22282
20284
32549
25755
22680
17331
20636
5349
17904
15434
29500
7447
7520
9509
11624
18842
23296
9741
29591
14747
27542
22978
4693
28931
18102
3987
14731
18090
29742
19245
19711
711
161
30385
7710
16812
9585
31497
29434
28336
10210
12923
32399
27500
13181
27006
11850
14122
13235
25037
28876
10906
28867
3003
23019
7111
29662
27078
18425
32330
30344
21102
28233
21437
24897
1096
26864
115
7525
16462
15817
22630
15953
24185
28348
30833
17863
4242
319
16320
1940
18245
7964
32132
28783
28023
13429
9963
13349
28121
12038
10575
9971
14013
17067
11438
17971
12329
22306
23130
13372
22570
785
31729
11139
31083
14411
1680
11526
12294
1359
26180
28138
12442
4114
7617
18530
1438
11774
3671
13268
14069
15674
31777
2103
4034
9004
8832
4288
30333
5180
27847
12733
2887
2267
10040
9665
122
964
15408
5633
24965
3458
20894
4606
15351
2355
23225
10852
24281
18059
29171
13106
9281
29980
3880
28956
31012
23764
28188
13870
5996
32711
14628
12721
9802
2350
19491
30546
13518
11696
9144
385
17077
24801
19638
13080
19330
1033
26581
7229
2000
29222
5543
1673
22758
3380
24269
3178
4748
12459
27754
16325
5917
11594
9432
9184
31198
12819
154
32384
7054
18071
11154
17486
30014
14963
18036
9343
1379
11803
23675
30644
4906
6358
24923
5663
15371
28682
19318
22760
32673
21434
7762
19151
15801
25677
31051
19474
23209
9617
32389
11665
32227
4863
9765
1840
7881
18753
20929
19837
21443
26865
13332
27283
6031
5796
24823
24126
30937
15399
6541
10591
26636
28424
10429
2194
5991
8280
25573
16911
8531
31152
9164
2766
26868
2930
18905
18159
26878
12369
9603
10584
25802
18964
19977
30368
12201
15254
17507
28460
32376
17426
29048
9367
30580
8093
21649
15959
29776
4340
30222
29086
10885
14456
29272
12415
11754
23671
12566
21586
388
1709
7332
18265
10911
6923
28096
29092
31261
19383
24455
27953
15
3667
24481
17752
23938
30338
3768
17766
26779
6568
9518
6793
22247
24562
4111
19692
25068
26263
23108
21538
6660
22365
13834
19144
23403
22878
15011
1382
6550
32524
10827
4247
29894
21875
21614
23146
19934
30910
26648
2823
19569
20989
19117
20630
2848
25125
18138
8796
24099
15960
10187
16167
26661
8551
5279
27373
29013
13974
16409
12208
13498
415
16536
9636
6086
2041
9289
1684
47
8025
5531
4226
15354
1402
9203
31630
12249
9498
1186
1817
16310
11333
24596
25129
9616
22485
32585
29455
10886
6202
28041
16968
30257
29559
25172
3234
26679
18541
1945
16543
12317
22364
28712
27422
5981
13223
21096
22328
12729
727
23373
25961
26574
11491
11653
24048
4076
25007
24818
17016
2341
6098
5725
25335
3236
26780
29545
14807
10561
27992
6853
21332
7506
462
29862
17445
707
4108
23413
29534
361
18790
196
15253
31635
28860
7815
10051
26850
6651
18561
19566
21339
742
29180
2949
10939
26903
31677
13708
25098
320
24119
23928
2931
29623
17407
22749
26195
562
10368
13254
5008
15055
20208
7140
25644
23639
9603
1772
30234
20419
26846
6202
4944
23295
7118
2490
1821
28911
10042
7176
23997
17072
13910
20950
16939
30240
8986
31375
28214
9632
1779
20537
24791
3352
17336
11424
20162
2108
6367
6577
315
17934
6385
16676
5931
21924
4923
32606
23667
28716
17863
7573
11136
9261
27530
30517
3359
17936
31455
3714
2707
18910
10292
21631
26086
27211
259
10255
11388
16628
13061
20571
22510
13285
21410
30323
28949
23646
15275
25144
26980
19159
19275
32377
7803
19521
10811
26716
15354
5263
22582
3584
28563
29301
8621
8288
9060
28783
19643
23675
12931
1798
4699
28594
19418
17487
14297
31601
30517
3252
23686
31761
28825
22774
20400
5885
19928
5491
721
5140
8802
1701
27655
1615
5470
22252
27844
26532
7673
12685
4295
11306
23038
3834
14667
4221
12968
5716
2174
10084
17332
14382
8500
27313
14521
26260
3805
21353
5308
3659
27060
15653
6143
13659
2874
6328
14363
25291
26339
12818
24142
13228
23311
3429
24598
16729
3643
8070
26111
15612
11385
26005
13497
25684
6429
8160
3181
13238
26810
13317
4689
31058
14157
31319
30843
11704
11959
31363
22515
13723
20849
23412
28939
28884
23931
2675
17907
15017
23445
23955
17288
16208
11954
13644
27757
19119
14250
24934
14941
29798
24879
19736
10687
19727
10242
13938
9083
28868
29542
29944
14605
8930
20950
5008
26328
22285
28147
16798
20668
19317
20416
24429
11498
6231
15889
10705
20727
22726
21569
18698
5424
20651
8228
18156
558
13323
23612
12349
31914
29576
6704
25951
25490
12843
29049
24110
21595
18528
1631
25900
2458
30786
32036
3548
1998
14105
11647
27243
3200
12321
10828
17557
29583
25742
29057
24007
1733
3276
22628
31361
27565
7947
2043
15615
9129
7931
7620
4888
21055
6868
17575
15206
15796
31130
23081
9639
15836
32415
29666
12899
3376
9801
22833
5584
12321
16405
17710
25074
26284
27100
1248
31750
23599
20566
17841
289
2427
22748
10270
24085
32042
6258
27315
7828
32307
15364
16695
14232
15547
17904
11300
20737
1326
17605
25690
21120
10639
26442
12051
14261
5388
4547
11802
28564
15830
22639
56
19213
26927
853
17903
16108
30149
32577
24171
31998
8254
24585
28854
10357
30228
22548
5419
10637
27299
18717
13101
25712
17024
21045
26393
22359
18701
32519
1144
25587
1098
31840
2170
18443
23278
30191
4256
2406
24759
329
10680
22763
15614
14895
2830
12551
24462
29716
4577
13135
30646
9434
4372
2407
24989
27869
18726
19746
32214
24626
7268
15338
10036
30001
21341
14691
15072
15408
1431
25931
26280
17554
31360
18597
12698
21249
5799
24086
29394
19703
10540
31119
10896
32131
11638
21292
29070
5962
21795
14684
29328
6092
28229
11843
8764
28648
31179
29788
10540
5538
1597
20067
13378
25381
8877
30322
7995
26372
32234
4202
11655
2501
1526
7060
17752
11424
7098
10120
24826
9604
12025
20558
10850
15451
22147
17860
29961
3471
14507
25151
2555
30157
22522
5237
31274
27401
6181
8347
27401
26306
3901
31946
4438
17799
30502
19623
20023
16314
21322
16451
8841
24468
7822
23104
27765
6249
5510
24886
9028
25389
28900
84
1396
1080
9271
23371
27915
24134
29906
6503
15915
30402
32009
11263
9191
3908
28580
21520
3925
30808
12173
11045
11492
385
4044
13178
17392
10877
20405
13152
13460
31179
10080
24547
1984
7275
30810
6827
17803
13029
30362
18208
1482
28556
23991
31442
28385
27140
1624
3351
5849
19458
28651
18934
31411
15187
4762
19523
32764
9504
3450
17164
13474
20080
1286
9780
16646
19950
17869
7774
16466
21229
32615
9228
29453
23977
11181
6664
32749
19663
30250
26372
14060
25664
14284
21117
2717
12562
23263
10469
13249
28376
15164
27392
13078
21028
22206
3215
9583
23626
25078
1580
7689
7270
5408
15989
31517
416
17749
3692
26802
8878
7682
25886
1461
7835
3736
20099
24395
31431
16517
24998
13926
8752
10596
23045
17303
27119
3440
24635
27939
16134
1599
17884
9048
24920
25005
14497
22305
20473
27926
12485
16089
19112
200
7854
23901
3226
24503
7120
32613
9338
16243
8911
8980
3501
3160
4835
32205
28378
15876
641
5193
8618
20495
9528
6374
26572
13046
18649
1090
28989
18775
11738
7177
6086
17764
16124
23563
29638
31378
27692
30098
11825
30609
11431
22770
13273
31873
27746
32097
11756
8547
26793
23305
25534
16589
16390
19292
27081
31458
14692
17320
16883
25730
1652
7659
20751
14014
1360
25576
19877
4751
17759
20602
3062
11463
21368
31529
19259
30279
4426
25083
26670
5235
7163
17804
6347
15843
1551
2913
5464
20315
26764
6778
21155
11518
3931
26150
12683
17342
17650
6940
18369
16151
304
8902
9680
18173
32648
28896
15963
23059
98
20290
21158
6173
14782
7162
2137
4280
15131
11678
3200
27209
18583
20961
26581
30003
29015
6755
26690
32589
25897
27598
17314
31635
19816
798
22472
21019
11553
25920
11202
27723
3187
27871
5726
20810
29500
27259
11758
26292
30450
2747
25929
10642
24526
30468
31250
29577
10544
25674
6205
8273
24895
1062
22222
10089
11215
3113
29156
32265
27785
18289
26103
21849
23621
26233
20574
2272
3515
309
14612
20799
9563
32607
10683
3871
18553
23308
13793
17000
1965
29058
22659
435
18554
22093
19151
1539
29229
23696
14382
7855
25096
19098
29570
8611
27296
27577
4524
11209
25220
29779
3410
17857
1567
27698
22495
16600
12512
4896
31691
24632
12696
29620
13340
8796
15907
6251
7469
16071
19018
5882
25262
11254
17896
26083
3820
16787
1612
12359
24402
19179
24287
7163
16944
7586
11526
13790
25020
2213
23370
30825
24663
12129
8119
8327
10769
9523
31105
17575
32622
23839
12782
25104
7531
16836
25711
21621
9916
2447
21008
27594
12888
6960
1043
5206
9015
5706
472
17672
11610
21615
7681
10254
11277
30283
7891
12708
11625
20767
17886
6442
22300
20594
31456
26746
2157
8195
7655
5496
23930
12801
17590
23019
30660
30078
26474
15755
12270
20770
16477
1626
5314
13852
25419
824
23413
24414
20403
25778
9516
4362
640
6172
15806
27687
19177
22751
14268
10905
26262
27667
2479
22352
10500
14929
4256
22207
12842
15298
7134
21392
30813
27260
26107
25494
10609
12047
7960
30979
10017
31578
27746
29659
8880
1956
221
26536
7121
26088
13153
26992
18117
24431
13794
31204
7619
20644
20980
24538
8604
30501
20109
1789
3487
26134
25357
14019
698
5306
23421
13728
28131
15172
21012
11386
11702
29162
8704
24156
15200
17980
30563
2158
23227
15028
8347
32293
5562
25742
1222
21943
1800
7129
25477
14546
14316
29135
16897
11661
5488
24930
10540
27551
16578
28183
6474
4558
16090
9495
22191
20395
19293
13444
29642
22397
21186
3337
15458
11387
22451
16821
26144
8510
18358
6665
10830
6773
780
2639
11486
27099
7129
1582
21678
21862
4230
24956
30986
7873
1380
13139
2163
7933
16786
28519
3230
19076
29472
10646
12224
12622
32372
14273
9993
20311
23789
9691
9838
16720
20167
12351
16812
12692
25663
14407
24202
4447
8695
26394
7262
29242
17563
29381
21714
5050
26565
14734
6632
31082
5150
10116
21820
7430
30919
6747
27786
4330
21495
14199
3951
9929
20197
26695
4724
28322
20712
28884
31560
8688
3548
21658
8781
20258
21449
32150
3414
22858
23487
22944
26544
8217
8708
25083
15199
25611
2418
16683
20393
15071
19994
2822
20697
10314
2861
15118
9533
12012
22557
27902
4977
28035
16639
931
7647
7263
7732
12781
14215
32534
3912
6726
13820
7800
7450
30754
9391
24261
18237
2008
23920
17950
159
8368
2610
1850
24424
13629
29711
9306
1061
11757
17292
15999
31782
20958
5661
25818
8996
12787
3308
30852
18472
18984
14550
30831
6567
19746
1974
18845
7410
19979
5863
20367
13518
15516
3844
26881
31582
26491
27890
9428
29514
30920
23585
17228
21530
8434
1550
22395
30179
25552
31501
7421
8230
15341
6213
21990
16373
2083
3836
17657
18775
30571
28949
6171
18414
26355
26326
22279
25303
26225
29167
10818
22482
22200
25016
3666
12707
22152
23739
18219
15800
29099
9074
10218
1291
17981
28754
709
19530
5196
6408
21826
24374
27553
21762
1192
11081
27612
19761
16051
28059
19143
22797
21132
30726
5348
3290
5624
20872
23624
32042
10960
13802
18860
23460
14513
14495
17346
20739
28404
3823
8389
14434
25313
17749
5716
8118
7711
25637
23424
12700
29039
18289
12580
27733
24475
11822
17525
18958
13480
17555
8153
15973
7507
11714
7677
11562
21180
20650
4897
15970
11868
27692
8375
13202
14908
13948
26413
8762
4457
3019
2567
14239
9379
28707
14896
27085
14165
26770
14994
14813
10442
28554
4836
27508
23965
2184
25795
21900
23921
14068
5893
12407
30947
23624
19274
1312
3005
16757
20947
8597
12140
20355
3992
14018
29109
15223
2708
895
25507
10617
4196
12494
5316
2870
11024
17245
20117
15748
22569
18003
9274
10564
13844
4937
10866
27533
7077
23445
27595
18695
19952
22223
27922
28820
18523
14990
22030
20790
19192
24435
4718
1837
8978
14185
32511
9311
25094
31018
30498
22525
30292
9478
22142
14692
23286
18144
17138
14913
20721
6521
21197
1017
22313
28401
25410
17480
21625
650
13078
11560
10243
6064
5532
11252
5061
2614
20963
7117
13678
13283
558
30525
367
19245
1956
19738
29780
8004
26185
31917
28245
21842
7469
32020
27944
2817
20196
13285
6170
575
20021
7956
21086
14910
25366
22039
18341
6590
23513
9799
9967
3726
16032
20106
32672
18000
12054
7727
29910
25726
23649
31513
15098
22954
2898
4896
5013
16394
4319
15540
15205
24883
20692
19139
32433
18725
5317
22493
26585
2696
20295
19607
15409
6197
8032
9517
15119
22520
10299
14955
21283
21140
4384
4557
16903
9480
16804
30949
21015
5905
11805
28669
10883
31472
18521
10238
26019
14957
26768
6032
24970
13596
17046
27523
32477
21471
15189
22126
16870
30124
12923
917
2532
6545
5232
12560
21157
27125
18571
13610
13399
3360
20357
29448
5532
24318
9774
651
17372
30751
16478
3958
26079
9731
12335
13268
31899
14485
19817
20884
26186
18677
28990
12151
6080
23930
6712
23852
32764
3832
3183
8889
18941
4926
16895
32540
28887
20707
16313
31282
23045
24643
8729
19929
27137
7620
30328
10833
18194
12638
13443
6633
15973
12122
27628
18391
32608
13913
31328
11879
8499
11929
23992
28760
9904
3700
30323
24962
29788
18473
20068
701
27846
17631
14248
29951
10007
4327
22491
10180
29675
7490
29579
18099
9311
14947
3565
10878
18283
12341
12495
20746
20851
5984
28878
8400
25112
22473
457
31619
7252
28759
28566
25586
17606
27645
20211
15153
6730
10229
31423
22771
7373
20297
12650
827
13920
12184
9898
2356
31370
19223
23919
1372
28643
19414
24090
2792
6110
15429
7401
16997
10471
10486
9398
14747
11950
4004
23010
27318
1218
16245
27020
16040
24417
3708
14598
3785
22159
2178
27017
27072
10085
31494
17447
8103
8108
642
8706
22890
26538
31984
9404
16240
7740
1421
21294
29566
31525
24029
28253
25048
27558
26607
4777
11689
23887
5602
31048
15524
11028
29352
28147
9708
24739
10250
19679
2097
18421
9708
7407
2844
29987
20179
6696
4078
17532
19876
17509
21860
32468
30895
17996
4829
6174
26091
18560
20158
15422
5251
1304
29718
7704
20370
12113
27518
15597
11819
895
15172
5095
21661
4938
29384
26610
23285
8726
25893
10190
31940
9667
30484
4706
30242
16279
1038
5972
12786
16760
7857
9686
11624
4959
12389
24003
13513
3337
15423
22250
23922
6128
18726
29354
24860
11641
14132
27583
15966
1391
1118
6235
17011
2224
17496
4728
24638
23590
20403
14957
30859
6137
28233
18368
30616
32515
218
23612
27604
19077
28151
19779
31206
24088
22047
5989
20977
30694
21289
12337
2583
12569
18145
10826
572
25236
31990
24510
13580
16865
9236
5780
6719
19051
25165
21412
32283
18158
2237
20396
29243
3883
10862
17055
15248
19936
6777
31040
24997
25335
5486
26864
17191
13822
6646
13764
21412
3287
13495
24283
26259
15025
17272
1263
11157
15159
29574
32553
16378
3590
32598
12858
31111
26213
28523
23975
20086
816
25210
21348
32447
17174
8397
19877
25238
18693
32485
22257
565
17633
21347
30840
23259
13436
1065
8870
29973
12483
28348
1016
12348
6965
12268
16911
26431
16282
3768
18691
21154
15857
3692
9465
19399
20650
27660
6648
21869
17173
2805
28152
3446
11291
5314
6460
27629
16684
20589
20706
29511
21880
29878
8121
13801
22882
31177
338
21739
28209
11803
13146
23580
25097
4757
12582
8006
10267
16884
3472
31923
8472
26480
7938
10479
18411
2203
12752
26576
5799
9869
13515
22196
14270
31294
5139
11274
22389
20531
13868
4116
10644
18269
20308
29418
30562
30526
32532
963
18896
16717
27670
11632
1013
20892
21046
15401
442
4792
14043
4236
3799
6352
14216
995
18942
18458
9902
24998
18517
14963
27333
6721
3370
10310
21402
4886
10723
22702
23019
14278
6707
23775
32049
12460
12436
6850
13245
25259
9969
27359
8454
7210
10146
19840
1602
4956
25246
31507
8499
6597
748
21457
27972
10490
6235
29341
31444
11432
18803
26415
20690
11735
25003
23409
3210
17264
4061
10281
13246
27645
26870
7385
27897
13489
754
32483
4640
20904
15368
1009
20810
2927
545
19348
20433
9671
11919
7212
938
9126
18940
26375
14065
3199
19616
22477
27080
5827
11960
29467
1634
23464
23859
2158
7003
30761
26286
31555
4171
16206
29858
10108
2202
25005
25820
25862
26774
11825
5934
28345
12482
20506
17253
12415
9073
11845
27514
16569
26772
20398
15885
2270
9169
26931
32014
24933
12501
30875
15550
9446
31210
4310
3798
32380
7372
15238
28165
30573
20920
5055
32160
2061
18631
32267
29078
12255
29050
8626
12962
22782
24726
1848
4804
2747
18482
38
9713
12168
13838
15374
4874
29205
3110
11977
28939
30136
26503
11267
1157
28178
26978
23546
29006
23024
5727
28034
13430
25967
16435
10573
31358
14180
11637
19049
9669
11770
29613
16394
6467
20125
14255
15498
7033
27927
18471
13742
26024
19961
18036
14891
13122
18493
20922
16488
26014
10793
26674
21126
4079
25975
29381
15262
32631
18098
11994
6729
5112
15331
27244
31846
31852
28269
18015
26647
11253
13366
29460
30221
6935
7175
6971
24838
10533
6454
28904
11923
12793
4738
4329
21791
11240
22590
12376
813
25078
17842
18540
27617
7749
4542
13460
15554
22740
4800
30407
8382
15974
31160
5653
29807
9151
18602
19331
3996
14614
2116
28949
18435
4552
193
26412
4437
21578
31245
25618
24195
9825
18218
25044
10296
10645
8402
7760
15526
7139
4958
24974
15494
28850
998
32340
26970
30216
4266
16628
10486
23038
20656
16489
25150
9329
13999
17826
5937
30971
6956
15646
24615
13601
12771
26297
11350
16078
28264
14278
27547
5889
7182
9053
1400
1218
11528
15606
16729
27738
1230
26935
1051
9923
16835
4363
1742
27998
18964
2804
27322
11748
8163
11938
20129
23199
16549
18116
18756
2778
5064
21790
27944
32662
11417
23772
14746
24702
25446
10022
7409
17693
2527
13812
27667
24143
16066
22820
29499
21493
9400
6602
1017
10989
122
28615
9338
18242
567
30109
17417
24223
15930
3713
6358
28426
6344
12978
2806
3534
10567
22026
20652
8889
22694
7378
8167
25480
16120
21211
6411
9120
1122
22730
20212
19455
18744
31668
4153
3953
22883
27371
21933
12039
12038
16407
31276
25285
2145
19848
8084
15003
5365
9930
25873
2967
32232
6010
21150
15704
19884
31833
7624
3014
31452
12959
11189
4352
6758
4498
29798
11158
31983
8790
11065
5369
15219
2567
20658
15407
30508
23045
4474
14539
20662
14991
5800
27165
23152
9108
11072
5798
2597
6085
23289
8142
28140
5615
28228
7642
10316
13448
26505
30744
30628
7048
26036
19804
19658
20602
4080
16560
13555
2258
28338
32328
6867
30337
22010
3252
8965
17095
17622
15961
10156
11080
24103
22306
5979
30051
24231
14963
15154
11199
13355
13663
10314
23078
6694
14618
24660
15255
24431
6577
25980
3734
14660
9464
17812
967
18318
9668
24686
31419
11878
10075
28041
266
26841
3369
1264
18338
14568
21173
12128
606
22739
2003
16809
26075
20888
23834
1878
14215
6838
21656
144
9210
26422
27333
14144
20362
17388
19382
28532
21785
27387
26771
14084
10034
28823
331
6261
1877
11535
30342
29981
1934
2058
30684
19080
19020
2320
25156
26395
29809
20813
25295
20983
1446
25234
12694
27169
2801
22429
30960
223
24457
29082
15593
29541
28649
7914
22256
1968
13091
24354
22992
4275
20087
10327
29154
7601
5924
12697
5504
14570
26238
18109
6588
31097
29761
2400
32594
27773
11045
17192
3036
6519
11186
11597
837
9715
29014
20824
5504
23659
19893
26411
21626
6760
11840
21570
17997
27114
24585
12344
26550
18954
17877
29325
13001
27358
13427
11686
32227
24733
26957
31509
18145
4611
20285
32027
16015
26103
1442
6507
10339
29804
23986
20785
25196
16005
16914
23123
10629
12796
15524
24055
28110
31684
3744
69
19293
28141
3814
5486
31536
31945
17042
10221
20582
5965
25553
13325
5551
24249
19188
15531
24322
380
28099
7485
9102
15697
26900
15635
13298
19631
18588
2013
24752
17248
260
20334
25823
7791
20543
31423
26913
2888
30748
9783
13013
10779
1815
6441
21390
20353
9077
13471
27843
2402
3216
16214
23496
27414
18031
13065
25084
25802
9113
28402
7493
10790
8491
29583
25785
27693
18729
2978
23966
27236
3858
1659
23701
7990
23223
26489
26386
2967
13644
11983
26895
26088
19648
8068
29442
12314
16714
9918
5132
30999
28997
18495
9331
19805
14141
13360
5202
6892
20042
27165
4751
3171
20636
3394
8206
8038
1112
19973
25380
31298
27299
3267
20303
17620
17659
6607
29988
2215
1230
14008
3720
23644
22853
15563
6947
24143
20321
3289
8466
17015
14410
11323
26076
30606
18916
13074
13224
10098
11682
28627
32429
5836
29087
25604
32489
10223
4075
32320
4630
1283
34
13697
31194
13666
1860
27039
19006
8770
14784
11539
7265
20117
25554
23553
22894
17965
19471
9334
12747
2084
1087
25582
5267
28795
15466
32281
15175
25857
19510
4318
7616
18806
26224
10657
25192
32497
10984
24513
7850
29311
2690
30821
31655
32525
12682
30585
4907
9864
27720
16883
6367
26178
14804
13659
9152
10904
300
22666
11215
9682
7300
2482
4106
3658
11997
19870
14492
2001
30681
9275
10577
15438
6606
1624
6220
26536
1561
28842
23804
23270
949
8211
19276
14997
1036
25379
20250
31850
14860
9440
23531
26665
10110
5314
1245
8133
5267
4098
20701
29385
9664
12309
7961
246
972
8819
12216
28718
18984
11676
9417
14737
12158
1885
3962
20965
7308
24655
23947
12603
9523
18594
15106
32207
6091
21016
15391
24113
5818
4948
25490
13986
28741
28757
22764
21953
10406
19518
25428
21607
27230
2136
31867
11471
20684
29785
4050
19706
16639
5095
14842
10321
17609
23896
7291
3213
7188
21948
6586
15828
30841
11805
3365
7716
5903
17925
21425
25589
11393
14145
14470
9242
22372
20197
6648
13033
3271
6032
23226
8347
13067
22769
29518
21750
24309
12426
14272
3625
26369
10164
9620
18167
16633
27364
19965
18455
24007
1580
12368
26843
30600
19205
6327
17169
1505
17227
22314
24103
19606
21897
25243
5522
14424
32375
15473
15983
32223
17345
10296
20587
12089
17418
2967
5601
15202
2097
2690
10051
3092
31187
13232
13755
13792
8977
20816
26898
28286
7059
12792
21712
15714
18124
32222
18597
6799
18304
27722
7
28592
19588
27979
29981
12133
6854
7082
23260
30427
30861
2844
624
28063
24065
18107
12253
22452
3821
5047
8678
3555
452
19529
20782
20562
14306
26345
10909
10072
27413
32193
18693
18064
13404
27233
29189
9772
4078
18868
23086
18060
25214
31795
29797
21008
25534
30296
20616
4394
4642
30038
19797
25783
5094
27655
8583
14991
10578
15398
65
12378
5181
4030
23728
22694
6352
26338
4333
22071
31628
11679
27680
16798
8334
28207
27627
3342
12306
29551
9478
23146
25655
28564
7974
30626
25602
31513
10276
30016
20388
32763
25179
2878
25088
25897
4690
16411
19304
3638
28571
1582
10663
850
31994
17209
16709
21880
11210
30273
23558
4841
20125
28573
28852
24536
7971
20302
30750
1895
23373
15758
4961
6354
15793
4523
26470
25834
21809
23318
20908
28614
32727
183
23112
10933
3332
27268
1834
2678
19146
26962
29857
19884
662
20715
22306
1932
10514
30816
19013
17113
17737
5281
4368
20754
21261
8522
11128
6634
9365
19392
25893
32504
1899
5245
16758
10160
12422
6824
26821
18834
13234
17897
31468
16545
2617
17019
27399
3095
27836
899
18556
855
1122
16288
6457
22307
14133
7107
10557
13071
5064
30785
29530
4917
8221
5158
1849
8747
4039
31437
4254
13106
9548
28589
25581
11440
17101
19574
13294
30433
28137
1373
21709
17097
19166
18355
12389
15725
21233
26301
20413
834
18961
2752
7635
26598
14263
22107
18329
26126
26384
30233
23870
19392
12894
20039
6318
30402
7580
15107
27996
13650
1120
5782
17727
7959
24326
31236
3866
31320
25355
27617
513
364
695
29029
14873
7281
4095
13763
4767
25409
1705
15287
24876
31650
16817
19806
30263
10173
8172
7755
1755
6354
23531
21463
25562
23081
6946
26552
8675
26700
30793
6358
5904
18547
3331
24154
20915
13376
16062
4359
27730
11692
21210
16077
25328
3906
3597
23707
19854
27787
25350
19062
9202
22217
29776
24008
28327
23015
28026
26106
2373
17841
30581
24388
23027
5953
19517
18372
8745
5817
11707
19150
19643
32056
17387
13956
23827
14086
9786
28582
25533
5650
5170
22443
7210
2207
8536
22800
6061
10298
22613
3568
6602
13551
6485
13525
2480
20668
14253
26574
7428
3910
6848
18881
8160
11723
26147
7683
32284
1880
27903
32294
29132
6460
29879
8722
31497
11196
2763
28247
1269
29448
29181
15554
23545
15470
27314
4911
22865
31694
23194
15517
26571
19790
6035
30856
17867
16206
22987
13427
10387
30879
6437
964
9409
3823
23007
18900
25
8584
11377
19015
20613
3131
25784
5017
3162
18070
19539
30714
28637
17246
21582
2140
23558
25657
2557
17866
4740
21930
21291
31995
29440
26434
13685
39
7590
13333
11504
13081
7906
12140
22034
7558
2151
27065
28367
30621
7030
8656
29442
25823
26717
30291
22543
20785
1854
19310
11206
9263
19985
14533
6795
16068
10220
5035
8372
30455
29058
27029
27443
1544
32491
32462
11125
7356
11939
9580
25226
4597
11732
130
26501
24453
20952
1943
11558
24900
11001
24151
2742
2657
13436
21641
3123
1269
17887
8769
3501
28638
10590
13399
9712
11978
31676
7447
9315
146
14655
32058
9776
20426
7165
30998
1701
29078
12118
3601
11995
18110
15554
23643
2197
29445
30157
14557
6250
7863
32607
7020
807
30338
16961
15683
623
23942
9437
31664
3236
1455
4677
21261
13323
25155
29303
1522
298
10423
30688
17577
19573
21447
26142
26850
23338
23750
13834
6568
17274
7986
15094
27540
23529
6795
11571
20801
14839
1637
15831
28671
1024
27837
6076
11468
6753
16009
29132
1408
23516
5778
5756
2631
2366
7814
1175
2900
3134
19017
3389
20180
9641
23949
4907
25377
18108
28578
20285
24889
6609
24975
15920
13166
32319
31329
7085
13407
31611
7619
3715
14886
28547
20687
27189
25043
31868
292
10676
12058
31129
16953
1901
21576
27456
29937
22150
13947
18024
3439
357
531
838
27435
20851
25444
17192
30533
25631
14253
3489
32026
28965
19022
26854
28950
17936
29237
20856
6601
6909
9114
21763
20284
9379
18924
21638
17541
1936
32267
12725
3993
4277
27831
27548
25442
22309
329
28292
12305
11034
10400
6938
7606
30265
16479
18638
5389
28951
1622
18298
19099
20987
7229
9284
32762
22758
29608
13765
28530
23760
13879
13163
5577
15925
32269
23579
20059
25296
29316
28699
30061
7847
7455
560
1214
11847
2753
25603
24159
9809
3356
12745
14789
31797
12395
16675
26397
3134
14692
30531
23775
16591
16232
19025
17318
16108
14078
29197
29759
15355
127
2997
7167
24780
20243
13609
31578
24024
31707
25421
29362
5318
6512
30639
20845
31540
23437
22890
6986
6835
9992
5450
14325
21011
24071
18736
16601
15330
15472
24248
24885
24111
22689
22810
31858
1939
7266
14926
3764
32115
18967
17268
31663
24447
25147
5234
16316
25726
32009
28383
14123
21582
27772
8224
28635
25382
14970
22224
14601
21023
22348
26470
25958
30963
3154
17425
29548
7428
1781
11239
4081
14752
4060
21823
9981
7555
16995
5979
30425
413
22601
22347
22888
32022
23976
15373
14266
31376
24875
28153
23519
4780
29819
25949
5369
28623
4346
3172
24981
7974
13492
14396
5180
29415
19347
15735
9796
23002
14546
9138
11500
20505
5299
15477
9385
19732
29301
8539
1722
21207
17024
23923
23810
656
9444
17893
18455
23115
16385
17881
11159
1
28551
8596
29883
15825
24482
29924
12078
5005
26734
28863
23583
376
15793
7207
16277
28750
18121
7248
6146
23173
13027
18437
29724
6867
7534
2632
6888
1008
22224
22585
14871
9629
9559
15929
20118
25317
4722
18510
31585
15779
6177
18889
17048
31556
17066
18471
21716
1742
6798
3382
27323
13345
27323
9337
23762
18558
14083
18380
28051
27717
30413
32587
31168
27139
26634
30833
758
24235
3691
22653
18565
16164
13009
3610
25215
22276
30470
26174
4879
9372
20906
26707
16908
13876
1648
15765
22222
27799
28298
10171
25665
18131
9569
19161
23351
6970
28042
20101
14083
25004
25077
6713
22595
29465
18280
12536
509
25153
4652
28724
11502
20926
29703
13808
9502
27461
1642
12834
9656
23593
25834
26459
26393
31520
19444
7849
21287
31562
4029
21181
21476
20591
32633
22089
28739
10377
2253
14764
11066
7810
12166
13265
22808
2622
11659
4692
24345
4572
20240
29927
4407
24633
24333
22517
8772
9398
14319
12933
23094
16444
19597
11104
1730
17277
15709
10614
23084
8828
19944
17278
11357
16719
20091
21213
21046
15907
20000
11721
32548
7298
10444
19630
25844
13777
17882
24272
1513
4893
6840
4659
27916
5143
17889
4792
16580
1884
22027
1160
25510
6138
4513
32181
6030
13360
21107
17183
22255
20854
18861
19605
22631
12733
16389
21565
28823
3576
9785
30006
17969
18907
2489
7547
3154
5347
16800
22283
14099
7318
26601
11335
24155
13324
29408
11163
17143
5294
726
20064
10732
7230
14361
18177
523
11288
9508
31325
1991
3511
12562
10349
23364
122
32345
2087
15536
21672
10676
23202
25302
14259
30049
14714
8176
5561
13453
9334
18621
13392
2829
4712
4564
27267
21838
2389
22328
6680
19599
470
556
19989
15181
6590
329
8834
22015
23037
1741
22895
3076
5061
310
16697
25818
6379
528
20490
15760
21391
1803
6303
31358
255
22864
31822
307
5081
30485
15943
3759
368
15215
23578
15827
32369
14440
20345
21013
28359
30546
7487
6776
3259
4955
21938
188
2912
25185
27141
6353
14382
8199
31522
17554
24557
20232
1446
16304
31445
17611
3884
10220
25587
4920
14542
21898
8142
17611
23273
6146
30283
7910
3617
11000
25550
24172
17829
30574
9634
8843
24244
30009
26011
31193
18785
16561
18681
17827
11923
14509
26256
26497
14159
14511
26662
27950
22842
17243
23325
11927
19545
12590
29778
4658
3612
14188
19268
27537
5531
23386
20601
10295
7455
9646
797
16042
9444
10820
10733
5066
4893
14354
4947
19040
5433
17758
8402
12538
9829
27694
8613
16887
24402
2817
16547
27102
29496
23996
2406
2036
32283
8935
18604
23821
2125
8473
19453
23714
25396
8369
17551
5156
17229
11719
20838
7312
15217
13923
29887
19012
32087
22764
30895
3857
859
30435
1800
17041
1917
24529
30844
17594
27565
10365
7941
11956
30534
611
3972
1512
3544
10082
11944
9562
17194
11701
1297
20792
28799
22564
7861
10419
12057
13947
31107
27149
23548
10812
18247
15603
2292
9105
1742
30478
32473
10884
14410
3797
13586
2162
12535
12453
25176
9661
20991
10771
2748
28610
9884
8065
12012
23307
11644
16367
178
21957
20841
27412
16573
15988
21801
32173
10660
13029
13987
14358
3112
19300
19780
29463
186
5680
10145
5888
21053
26412
27742
2296
1548
20439
16974
658
9535
21374
987
1953
11050
11185
16809
28238
15655
12531
22646
11623
3990
15285
7749
25850
7201
4486
27323
21795
3397
12932
32457
14114
781
6934
3979
11440
5409
19933
30832
14740
13824
14823
22684
31601
23434
20774
8074
5090
4289
25377
19702
30920
21712
4074
26618
7907
27469
26448
29047
12960
443
2133
21942
21298
20051
21731
8527
996
3076
3514
32074
18350
30648
27309
13957
6918
13017
782
21589
16376
12051
6759
624
4217
1884
9578
21003
19193
27186
6955
5695
3383
31012
26253
24497
29017
16788
3066
23410
316
12987
22360
6436
29705
13550
9784
31839
27145
17951
8784
23891
6842
16294
43
7342
10530
10562
5663
11968
4707
15706
24448
25052
27280
649
16403
25602
23487
7770
7109
19388
7007
17744
5789
10310
18892
27690
4336
23793
28705
7780
13268
19401
4174
7681
8662
4982
31594
12424
8176
25696
25162
15693
19125
12567
21586
8433
11215
15857
8331
23084
17323
21493
19702
29642
23411
6903
6176
20468
13117
24325
14583
14513
24706
17666
20700
22957
28881
12945
17401
1848
9412
27957
27605
30353
22324
13494
22565
19301
25769
23750
4582
7827
10004
10724
5288
25138
22977
30081
29229
18133
31111
23905
21554
1549
30018
581
20621
13872
17027
6599
17272
2905
10885
22405
9261
10672
25443
29057
1971
27884
18825
17352
17911
18710
19816
22354
29982
10383
26991
20522
12058
27476
13366
1742
21883
27521
25340
20697
18312
11028
20563
15583
16015
3828
23322
17817
17529
19250
12716
16450
30881
25742
23895
2624
5863
27453
8720
14855
29952
21225
1636
22331
27152
3066
6066
24084
21626
16916
16024
4615
12790
25568
14251
25507
32229
22544
1131
28089
18914
925
26742
19903
17562
1363
18171
23414
8925
19088
29810
971
7925
24905
20618
19195
566
11085
15459
14843
27862
22222
16638
15127
20479
16413
31218
10713
20003
8373
6240
6700
30096
12155
4648
6849
2372
5700
20829
30386
19458
24728
30711
14950
421
18358
3016
32692
6837
32727
7858
17739
15928
27319
18198
21841
9674
21330
31887
32586
32752
5867
11489
10556
19626
24403
7468
31760
26695
21096
27494
12092
14461
23260
17415
14239
12217
28216
8198
23980
6836
29728
7941
32459
27719
13016
20937
32252
31616
25863
2284
10174
26613
23739
31702
3375
6232
22446
23529
6772
1868
26824
10236
27739
21111
6884
21515
10559
16345
12503
6444
24877
11612
9902
453
14660
7852
22584
1533
26210
23880
28869
19568
15101
24282
2092
25383
19534
26052
4371
1223
29365
4091
31850
15880
10585
18456
13881
1897
4367
19628
24476
10019
6781
16852
27147
28507
7039
270
30687
11419
21449
6987
9746
22659
9422
16710
9031
25788
225
1555
14346
12846
21914
12283
9304
2163
30076
2951
30306
8587
17620
29915
16014
7633
11748
2885
17599
29741
8257
17174
8918
12940
8058
18865
26745
8845
9466
28641
11283
9853
22832
3696
11547
25222
26605
6389
27546
1571
29709
21229
22759
18903
28249
23309
1461
29983
21420
215
29008
165
5717
6252
24100
10422
14013
16545
20351
1014
20298
20308
5272
29267
6018
22529
1231
30775
8820
144
20790
23042
23635
6257
3921
2999
2917
9707
24858
18677
22555
23985
24136
26922
8322
14519
8913
17411
6874
7235
9902
14887
2947
18503
17118
13860
4641
32750
1965
14761
20984
8309
18486
19191
31128
6716
32551
22162
28095
29
28868
22844
7035
8444
11823
26147
13711
24479
24038
23898
24856
15552
28045
26246
5488
18273
4334
986
13139
26464
12862
20805
5952
13899
14241
17385
11042
23157
16881
32208
15152
6218
18619
2522
4626
3551
14219
5114
8261
19662
28778
29090
12992
17984
22436
3708
31960
15691
19663
4443
31073
13183
13576
19825
26390
955
31360
21442
25659
8005
9528
14552
28032
8474
28936
25273
17449
11139
1254
29462
32620
17385
12133
8645
19738
8426
19580
7026
9602
7853
14473
14481
30355
19826
29845
8342
2624
20077
24538
11625
11305
29396
10882
8980
21111
20791
26034
4031
19975
17680
21703
26591
17868
3227
25568
12970
366
30951
26524
23246
18231
25645
2597
30562
20784
25186
2413
8477
7559
24584
10935
10182
7732
9033
1882
15339
3036
25414
5825
24790
24566
27053
6583
15037
14892
29321
19169
3385
13572
15967
30860
32249
28095
2678
27562
28600
17282
25462
16406
2412
4531
1589
4640
15809
27046
17101
9541
26309
3961
5618
26686
18917
15932
27778
31293
6168
30549
17758
5491
15962
24867
9593
725
6748
30946
4654
31520
26490
7119
1495
6426
30701
11148
4763
16667
3650
20933
10119
8653
27402
10004
11232
12848
25300
16674
25784
20705
4184
27664
22720
26779
30453
4885
9821
15870
10590
7272
32766
19087
18576
15456
17068
18689
28423
985
23267
22195
23601
11739
27552
20089
29731
28790
27579
16543
26507
21744
11639
11307
6117
23331
1112
23907
3058
27680
32052
5519
2150
24600
23693
24576
8417
7037
22302
14417
21793
1892
14516
26093
3702
26926
27967
12497
4470
23911
8233
21396
14321
31214
26086
20132
1832
23382
9165
210
30265
8589
10790
10513
30942
8123
13444
13690
8791
17261
17493
916
29861
30451
2487
30163
12281
774
20109
606
13932
13231
6098
7957
22512
17508
28974
11987
6791
22387
5831
21488
21171
31908
29018
19467
8237
2841
6282
14598
8921
21114
20344
31569
31738
26447
12179
364
28579
3757
30130
12455
14958
3349
9568
19245
28527
23705
30326
30528
29291
3648
16624
19398
25158
23212
23289
1541
1979
9722
7496
19627
7248
31466
431
9233
32136
16704
4081
30656
8282
13162
3285
23861
22754
22370
8056
29665
19031
32470
24807
1652
4925
4743
2541
20827
2523
11503
13098
4743
7408
18470
23397
18033
11426
774
10276
13915
28599
16782
5241
15320
14599
11396
542
23950
12593
21598
24772
10555
22670
31587
24489
28406
25955
19214
23913
16824
21083
30899
2582
24858
12596
7524
28554
28768
5560
17686
21500
7863
11503
30976
10962
9403
21651
18756
1974
15164
18116
6609
18412
28482
11773
13960
26083
30542
13639
29342
11018
28131
26796
22337
13284
5445
31215
9598
31327
2177
15738
12130
23138
32173
29592
19551
17573
32113
12772
27890
5061
13255
258
4483
14232
15870
652
10381
10942
6661
13135
6142
26232
6886
7608
30177
18621
1681
4233
13370
8331
16603
11728
17457
21628
10182
26138
29811
22425
1283
13284
3798
24690
14517
11090
31036
5743
376
12836
23993
10593
1442
29669
7672
1884
457
26213
5594
9417
16517
29290
29025
2743
16246
5283
6605
8050
9609
2781
32260
23895
28280
24953
14903
27622
28560
29982
25283
20249
6583
15531
30293
8436
7341
28528
15186
2398
20370
23453
3190
26671
681
250
22715
25994
7771
17369
23164
23661
13183
19530
18906
21382
24792
25997
3679
30793
12767
29133
13281
20543
23235
17931
9897
5281
30127
600
31445
27685
9547
14919
17147
30488
16517
418
14863
25005
27537
12636
17543
28821
16942
30919
3260
15311
30508
3847
16020
3010
3371
6343
9822
3209
3237
5674
14077
19342
23343
27908
15177
13146
6139
25419
14002
31147
8610
7624
14631
13255
10528
30482
10806
1297
30240
17085
20340
7130
16507
20687
4639
28793
17147
17779
18434
31390
27492
6386
921
20707
19381
21470
12150
26276
12459
23441
30947
23569
391
25302
19913
5249
19729
21221
29136
1802
10205
16533
28360
32078
16333
16845
25672
13463
18647
14139
31380
5415
9992
24137
31940
29641
31177
16205
24099
4524
27746
19456
11990
20081
28604
16946
17342
16515
16747
9916
5535
10151
25579
27829
7041
28116
27690
7401
9302
10820
18503
4486
29662
23243
25498
6681
9928
18280
19444
7097
8730
17434
15400
386
4562
17652
12234
4422
15053
30836
25654
30846
9193
23569
27348
9607
23143
32531
12443
16651
21907
26535
7892
23485
15782
20019
14625
9289
6635
8935
23741
14730
10785
4501
1285
27902
28449
30658
14648
2424
9920
253
1915
29205
16119
23919
12576
11633
1089
18100
27687
12571
3909
18153
24069
326
13749
30214
13221
30913
630
8558
31405
19753
30977
4549
8194
9053
10249
25346
14222
18482
20318
8901
28993
24936
7441
10474
24405
10973
17881
24158
29143
5121
31925
26161
19299
20874
3539
23789
21295
14185
8369
8743
10314
28412
25986
24659
23078
23941
12755
18141
2645
20187
20590
10869
23440
14431
2174
32682
20989
10290
8181
25530
2226
13477
23851
10152
24693
32753
19399
4496
3013
9257
18659
18488
7199
7020
6763
7399
29818
30815
5574
10106
17684
730
6585
26804
29808
3298
24456
26326
6559
5080
26462
30831
27584
495
1006
12662
19139
9188
18779
9878
17778
9961
25429
31433
16561
13026
5766
27432
9220
29907
28972
19714
12115
11673
28423
12843
24042
6361
5237
10134
31428
16439
17628
16934
18953
3784
22600
28098
27605
14537
13397
12968
23611
19345
27728
25859
13450
31172
11417
29375
4558
30666
30027
17308
17562
31871
26655
24449
11781
14892
11662
20244
28147
25527
13622
27271
18070
4630
21887
2740
22836
7689
3710
20589
8234
16905
29722
30221
18993
6267
877
24403
23264
18986
26477
23409
13426
244
28875
19807
28362
29380
17691
11893
8116
6336
2358
7993
30830
26307
2780
31350
23655
5901
11678
7822
21830
24121
7931
24848
2094
7024
5578
24717
4160
22749
8408
10408
25186
12384
18641
23661
7743
26759
2404
23268
28815
23994
26018
4581
27289
2997
7079
29485
29430
19260
15229
16306
13207
6153
9533
7476
10506
29450
12919
10773
14072
13513
3796
874
26099
25644
1018
29010
11886
25950
15536
11655
29965
5389
17219
30770
7200
9174
16168
28420
20074
17917
13794
23170
26406
2914
21287
26016
6988
29616
31806
29586
18448
4824
