         6         4
         6         w
      80.0      70.0      80.0      70.0     300.0      75.0
         2         w
      80.0      80.0      80.0      80.0     320.0      80.0
         1         z
     100.0     100.0      80.0      80.0     360.0      90.0
         3         m
      90.0      90.0      95.0      95.0     370.0      92.5
         5         r
     100.0      90.0     100.0      85.0     375.0      93.8
         4         x
      80.0      90.0     100.0     70.0     340.0      85
